xID,yID,Div,Size0,Size4,Size30
147,2073,0,509,668,916
174,1077,0,571,722,928
222,882,0,559,616,933
227,1328,0,500,558,851
285,1475,2,549,825,-1
312,1877,0,516,659,909
348,1497,0,795,867,1087
352,1679,0,562,769,1001
451,952,0,410,698,1066
557,187,2,602,910,-1
648,445,2,622,943,-1
759,1657,0,386,568,701
778,2791,0,552,644,871
782,1294,0,494,813,1000
801,2436,0,538,782,913
871,3023,0,506,653,878
881,372,0,603,917,1149
878,444,1,485,757,-1
915,1317,1,524,616,-1
918,517,0,490,726,932
935,1808,0,399,587,693
962,2697,0,456,655,744
969,1461,1,356,510,-1
1002,1429,0,543,788,913
1057,77,0,493,629,893
1090,684,0,577,838,997
1149,1879,1,539,703,-1
1195,112,0,620,879,1039
1240,520,2,548,880,-1
1251,2988,0,372,529,653
1295,1956,0,439,665,1046
1326,2942,0,591,891,1097
1440,1078,0,551,768,948
1504,1266,0,465,749,851
1524,357,0,504,747,857
1544,114,2,620,934,-1
1549,296,0,442,616,763
1603,2955,0,293,526,680
1612,1010,0,326,482,577
1616,1827,0,454,789,909
1635,1220,0,401,664,857
1633,1923,0,380,634,827
1672,413,1,373,622,-1
1680,3026,0,416,535,651
1688,1813,1,447,721,-1
1735,379,0,298,456,588
1857,2928,0,623,1087,1173
1883,1759,0,440,648,742
1909,1118,0,419,732,809
1911,563,0,342,481,611
1928,2457,0,424,742,805
1944,1337,0,513,764,846
1990,512,0,470,683,820
2047,700,1,427,687,-1
2051,1544,0,460,651,888
2058,1052,2,455,798,-1
2079,2628,2,513,820,-1
2103,765,0,387,556,644
2123,2751,0,476,720,838
2240,77,0,369,539,657
2278,1934,2,542,986,-1
2283,1092,0,341,604,698
2335,2960,2,500,855,-1
2357,2708,0,282,462,507
2360,1633,0,494,857,903
2386,1015,0,370,547,800
2409,1254,2,544,975,-1
2429,3012,0,382,529,657
2457,1447,0,349,515,715
2466,1568,2,518,850,-1
2517,585,0,360,576,600
2544,2033,0,464,706,792
2578,348,0,411,594,849
2585,513,2,432,724,-1
2595,3019,2,576,1007,-1
2674,2975,0,415,689,896
2681,2083,0,302,486,748
2686,77,0,460,766,866
2692,1551,0,409,636,750
2707,986,0,393,644,747
2714,2015,0,464,763,806
2727,2832,0,356,510,580
2733,77,0,460,767,866
2732,1811,2,444,721,-1
2748,2321,2,586,975,-1
2765,169,2,500,855,-1
2771,1950,2,412,667,-1
2794,1637,0,568,868,938
2822,2637,0,515,678,923
2823,1824,0,463,671,856
2828,1923,0,595,976,1142
2882,1737,0,351,549,722
2890,2108,1,459,726,-1
2942,950,0,547,894,972
2949,462,0,535,836,970
2981,568,0,424,600,667
2993,886,0,452,678,779
3003,110,0,386,620,822
3036,930,1,408,686,-1
3061,123,0,632,1049,1174
3072,2841,0,454,830,918
3101,2648,0,385,578,800
3117,212,0,507,884,1040
3131,428,0,490,805,968
3147,541,1,430,691,-1
3179,1139,2,574,1015,-1
3269,2717,2,601,1018,-1
3285,470,2,588,966,-1
3297,1354,0,444,694,725
3307,1119,0,418,646,947
3314,934,2,382,549,-1
3336,680,1,367,680,-1
3370,846,0,449,847,949
3381,217,1,613,754,-1
3382,77,2,592,1058,-1
3391,1627,2,692,1227,-1
3393,2881,2,437,697,-1
3406,897,1,421,709,-1
3414,1255,0,367,531,552
3412,1754,0,405,625,834
3414,127,0,386,661,627
3473,1859,1,381,647,-1
3480,873,0,407,649,739
3498,387,0,376,613,682
3510,608,0,365,584,817
3515,1515,2,526,857,-1
3522,717,0,457,636,738
3555,3020,1,447,650,-1
3563,1004,1,428,635,-1
3579,471,2,518,870,-1
3582,1453,2,594,1024,-1
3584,132,1,506,826,-1
3606,2597,0,526,784,909
3642,2402,2,582,1007,-1
3647,674,0,482,893,1024
77,934,0,569,889,1110
96,1178,0,432,655,902
125,676,2,468,768,-1
201,527,0,428,624,724
222,192,0,407,612,990
287,2583,0,416,634,897
338,2714,2,556,851,-1
339,2452,0,386,548,828
347,2337,0,525,855,1060
375,1129,2,495,822,-1
395,964,0,527,573,896
403,1181,0,500,824,998
460,2559,0,424,663,891
466,2637,2,596,915,-1
492,2726,0,539,803,1055
557,1612,0,322,303,462
565,2505,2,521,835,-1
616,2436,2,424,722,-1
635,2696,0,464,729,1014
706,2437,0,465,711,956
724,2668,2,482,766,-1
783,475,1,448,725,-1
786,296,0,500,718,887
823,2368,0,454,764,1003
857,1693,0,616,770,933
872,2764,0,456,696,1003
894,2551,0,441,614,934
902,2645,0,369,525,724
968,323,0,455,683,852
1019,2550,0,497,743,829
1103,1400,1,444,767,-1
1112,1258,0,386,695,825
1125,1026,0,510,801,1052
1204,2114,1,449,629,-1
1255,545,1,598,813,-1
1342,1823,0,399,567,747
1356,1999,0,494,810,987
1446,1300,0,400,623,764
1487,2374,0,566,894,1050
1499,2118,0,397,563,703
1545,2367,0,410,544,812
1695,1081,0,406,606,835
1734,2698,0,631,1121,1328
1782,1031,2,537,790,-1
1797,77,0,435,757,974
1837,1899,0,458,686,859
1853,1174,0,436,690,845
2089,2363,0,449,611,827
2141,347,1,443,806,-1
2295,1825,0,455,702,879
2338,222,0,391,618,629
2389,1541,0,359,577,810
2405,318,1,670,969,-1
2469,1735,0,428,491,654
2490,1123,0,464,690,814
2678,1177,2,483,772,-1
2783,941,2,443,734,-1
2865,2393,0,480,745,901
2918,2470,0,397,633,758
2977,1748,1,393,561,-1
3051,709,0,482,823,1001
3193,1302,0,361,519,597
3251,1465,0,381,693,816
3253,2181,0,406,661,743
3348,2159,2,612,1140,-1
77,799,0,551,751,970
94,1394,0,556,650,795
126,254,0,641,859,1134
134,1761,2,684,860,-1
146,1812,0,505,711,804
158,2522,0,700,842,1057
294,384,1,595,669,-1
325,2655,1,647,832,-1
347,710,0,528,718,894
392,239,2,781,1170,-1
389,1715,2,580,886,-1
430,2401,0,570,790,939
441,2000,0,550,754,839
441,1408,0,442,608,709
512,1464,0,476,607,766
517,2219,1,480,720,-1
572,350,2,651,989,-1
578,1789,2,588,973,-1
628,1370,1,611,787,-1
621,797,0,386,528,682
637,1733,2,464,712,-1
639,2752,0,468,618,737
670,213,0,375,544,671
688,421,0,454,677,773
730,2247,0,342,549,701
766,111,0,511,730,806
768,1912,0,364,517,596
781,1782,0,453,592,673
788,2352,0,416,545,706
793,1110,0,421,569,619
807,739,2,945,1436,-1
814,547,0,689,894,1025
849,2164,2,568,847,-1
856,2344,0,468,644,829
915,706,2,652,1002,-1
951,1898,0,463,616,700
972,1256,2,491,811,-1
980,1397,1,603,775,-1
1014,2584,0,475,654,667
1036,290,0,460,554,647
1076,2604,0,506,712,866
1094,2118,0,399,480,547
1105,2019,2,569,1009,-1
1134,2485,0,455,661,813
1139,1409,0,422,670,813
1147,1461,1,451,633,-1
1163,695,1,452,671,-1
1163,1775,0,362,442,619
1225,463,0,414,693,747
1232,2798,0,493,622,731
1241,2221,0,468,607,804
1262,1428,0,466,561,770
1258,1237,0,364,555,691
1298,1155,0,443,575,751
1305,411,0,428,695,797
1364,2095,2,535,913,-1
1382,2827,2,642,932,-1
1398,653,2,522,876,-1
1398,1747,1,514,784,-1
1406,2879,2,666,940,-1
1413,1051,0,538,819,903
1435,1674,0,454,673,756
1457,2059,0,569,778,868
1496,857,0,350,574,675
1537,1137,2,624,1035,-1
1580,2544,0,420,603,757
1617,2837,0,401,478,660
1626,1007,2,686,1173,-1
1636,942,0,458,707,777
1632,2237,0,425,620,819
1654,2437,0,445,645,844
1664,1244,0,413,549,635
1664,2863,1,486,701,-1
1710,260,0,397,555,672
1723,2292,0,375,488,544
1727,2096,0,384,546,585
1733,2552,0,435,571,648
1753,770,0,324,444,580
1764,2694,2,533,820,-1
1763,2386,0,555,729,837
1810,2828,0,532,778,834
1813,691,1,454,633,-1
1830,1816,0,293,473,651
1846,2624,0,448,631,751
1875,892,0,417,604,705
1876,1215,0,380,589,720
1895,382,0,395,541,612
1930,585,0,525,562,724
1938,1165,0,467,707,853
1992,2281,1,660,876,-1
2048,2834,0,395,584,707
2057,1194,1,445,684,-1
2080,1610,0,507,709,787
2126,699,0,525,710,807
2132,385,0,391,524,576
2156,823,0,363,412,469
2177,375,2,545,786,-1
2194,2517,0,339,479,615
2218,2253,2,662,955,-1
2227,1477,2,626,1010,-1
2225,187,0,455,656,800
2229,761,0,386,485,685
2247,2825,0,462,606,782
2257,1560,0,417,538,608
2269,595,0,357,551,715
2274,2601,2,556,884,-1
2277,806,1,491,760,-1
2337,77,2,552,849,-1
2342,130,2,581,923,-1
2347,1540,1,559,809,-1
2389,743,0,538,902,1011
2392,2456,1,498,843,-1
2401,940,0,384,536,691
2405,340,0,434,683,872
2417,1515,0,399,573,661
2489,865,1,484,752,-1
2501,983,0,342,483,557
2534,553,2,596,1040,-1
2552,77,2,591,863,-1
2585,2625,0,478,687,798
2606,2684,2,541,797,-1
2611,1070,0,381,520,613
2613,2244,0,458,726,877
2635,242,2,534,827,-1
2640,765,0,401,524,628
2682,2333,0,450,684,862
2751,232,0,512,817,974
2753,77,0,490,714,888
2771,523,0,456,651,840
2772,1672,0,477,741,889
2770,2594,2,595,924,-1
2778,2220,0,380,523,605
2835,2835,0,483,619,717
2844,388,0,364,489,591
2862,663,0,331,521,645
2894,1320,0,324,483,568
2907,2221,0,455,748,895
2911,1194,0,548,783,972
2943,723,1,538,883,-1
2956,912,0,332,501,562
2968,539,0,424,689,928
2984,1477,0,473,687,800
3007,77,0,330,526,609
3037,720,0,512,812,899
3041,1406,1,392,606,-1
3046,2547,2,653,1015,-1
3084,1563,0,609,1015,1148
3108,2340,0,466,671,794
3129,233,2,549,835,-1
3131,2582,0,387,544,693
3148,1299,2,524,929,-1
3236,1588,0,478,671,827
3249,2115,0,480,728,870
3259,600,0,419,678,888
3268,1870,0,478,655,835
3279,98,2,643,1015,-1
3289,234,0,387,597,754
3319,2644,1,490,716,-1
3351,242,0,410,629,781
3356,1334,1,811,741,-1
3357,1249,0,483,809,983
3371,190,2,603,977,-1
3412,96,0,513,857,1025
3410,2789,0,371,580,709
3416,889,1,527,859,-1
3424,374,0,521,874,992
3455,148,1,481,821,-1
3480,2715,0,465,624,762
3516,2606,0,350,505,648
3526,2233,0,480,663,772
3535,91,2,614,1003,-1
3533,1777,1,415,725,-1
3575,193,0,476,792,995
3576,2370,0,455,661,869
3608,292,1,491,843,-1
3623,2410,1,509,791,-1
3632,2142,1,582,888,-1
3638,2832,0,523,810,1041
3657,1584,2,527,831,-1
3671,660,0,396,559,712
3676,895,0,377,547,763
3680,2750,0,387,522,725
3684,1221,0,481,670,860
3689,476,1,515,762,-1
3692,1908,0,406,627,819
77,846,2,651,931,-1
77,1738,0,609,854,1522
77,1948,1,485,788,-1
110,2148,0,698,688,996
133,294,0,750,1255,1465
191,641,0,513,639,990
214,1103,0,476,548,1050
240,220,0,575,830,1019
309,1981,0,676,1014,1334
378,1764,0,546,760,1213
448,2381,0,464,559,1017
473,1089,0,416,561,877
550,1858,0,566,804,1357
566,1005,0,451,647,1055
597,1382,2,805,1197,-1
633,830,0,488,673,979
673,996,2,542,798,-1
682,77,2,613,917,-1
689,1424,1,523,799,-1
749,980,0,490,616,809
825,1324,2,674,961,-1
837,1801,0,358,504,870
903,2651,2,541,858,-1
899,331,0,397,524,818
917,77,0,358,333,471
924,2601,0,392,592,986
978,1168,0,391,553,915
989,1598,0,406,576,891
1022,1476,0,423,643,909
1025,2818,0,480,655,1306
1048,2785,0,563,832,1531
1131,2141,0,545,904,1378
1167,2708,0,350,538,1123
1180,498,2,587,896,-1
1182,1039,0,470,643,972
1209,457,2,517,852,-1
1229,562,0,348,491,698
1264,2398,0,323,584,991
1312,270,0,525,787,949
1323,2317,0,485,720,1202
1325,106,0,266,215,293
1346,2572,2,480,761,-1
1349,704,0,369,571,728
1391,1799,2,585,869,-1
1438,727,0,464,639,808
1485,2074,2,481,757,-1
1502,2254,1,464,668,-1
1509,464,2,594,981,-1
1586,1333,0,506,795,1084
1591,743,0,358,541,715
1621,678,0,494,860,1076
1651,1409,1,369,629,-1
1688,743,0,568,946,1160
1692,343,2,567,941,-1
1733,1972,0,442,736,1173
1738,844,2,531,889,-1
1773,2081,0,472,652,1053
1780,1057,0,675,1154,1322
1837,141,0,560,882,998
1875,2254,0,446,692,1014
1907,1556,0,467,837,1055
1934,1011,0,515,851,1047
1949,334,1,515,697,-1
1987,1756,0,407,734,977
2016,1400,2,646,1259,-1
2021,2019,0,410,631,1020
2051,548,0,396,555,734
2059,668,0,554,951,1114
2060,2643,2,617,968,-1
2126,926,2,685,1247,-1
2128,1749,2,441,750,-1
2178,1246,1,378,624,-1
2248,2104,0,488,629,988
2324,160,2,602,1049,-1
2343,693,0,351,623,895
2367,1684,0,281,275,331
2440,335,1,493,764,-1
2523,1473,2,436,729,-1
2540,2535,0,487,729,1186
2549,1885,0,564,838,1130
2575,998,0,336,492,627
2584,733,0,330,503,631
2662,92,0,406,569,706
2671,284,2,499,799,-1
2692,1715,0,363,569,821
2703,2031,2,495,845,-1
2742,1956,0,293,435,620
2759,338,0,477,694,683
2833,343,0,540,795,869
2863,2437,0,411,633,1094
2882,246,2,482,864,-1
2911,97,0,419,648,810
2920,517,0,433,695,845
2924,1781,1,389,606,-1
2948,1281,0,506,808,959
2950,1683,0,565,857,939
2964,2756,0,496,820,1383
3003,641,2,660,1042,-1
3026,1713,0,412,686,870
3051,1029,2,530,889,-1
3091,564,0,539,733,832
3124,883,0,516,811,1075
3150,1967,0,576,1058,1345
3249,1956,0,560,878,1133
3267,903,2,505,926,-1
3290,948,0,318,527,588
3339,1826,2,535,938,-1
3370,2427,0,437,705,945
3375,312,1,421,680,-1
3384,432,0,335,573,791
3394,611,0,526,930,1104
3400,1678,2,532,974,-1
3421,1538,0,528,733,901
3542,506,1,498,838,-1
3605,1192,2,451,816,-1
3617,77,1,394,665,-1
3623,638,0,488,791,888
3638,1900,2,544,951,-1
77,2034,0,543,716,932
229,971,1,581,770,-1
367,323,1,483,657,-1
554,3059,0,497,823,1040
564,751,2,607,886,-1
575,2823,2,561,820,-1
681,561,0,563,810,1024
786,2640,0,481,756,906
800,1060,0,387,516,713
829,2158,2,619,869,-1
855,361,2,713,981,-1
929,2560,0,415,603,731
976,1470,0,435,593,730
1005,2409,2,515,824,-1
1035,2721,1,426,627,-1
1042,2888,1,466,638,-1
1048,1183,2,551,900,-1
1130,1056,0,463,654,809
1145,2283,1,485,792,-1
1201,1175,0,475,717,813
1233,1136,2,415,648,-1
1238,291,1,493,745,-1
1265,2057,0,367,571,660
1272,1962,2,535,895,-1
1315,1101,1,472,648,-1
1322,2733,0,413,632,793
1327,1835,0,414,617,704
1335,749,0,517,737,910
1363,2736,0,392,558,733
1407,1521,1,466,631,-1
1425,1418,2,549,889,-1
1421,2882,2,546,887,-1
1424,518,0,361,571,743
1429,1033,2,543,791,-1
1425,1753,0,424,633,785
1438,982,0,456,677,862
1451,571,2,808,1275,-1
1455,2202,1,669,968,-1
1456,1088,1,439,627,-1
1468,1645,2,573,939,-1
1476,1338,2,577,847,-1
1503,1302,0,388,563,662
1513,572,1,421,663,-1
1519,2972,0,321,452,607
1518,232,2,577,876,-1
1525,1941,0,463,585,692
1541,1251,1,495,735,-1
1539,1878,0,408,601,658
1547,1801,2,586,899,-1
1551,2780,0,471,654,773
1561,2902,2,911,1489,-1
1579,1733,0,378,545,698
1599,1053,1,476,694,-1
1597,2040,0,367,502,641
1616,2095,0,330,449,554
1625,1794,0,616,877,942
1625,2489,0,363,562,689
1634,2305,2,490,736,-1
1679,1356,2,541,904,-1
1679,77,2,477,754,-1
1685,927,2,503,912,-1
1684,2964,2,403,675,-1
1699,2557,0,460,743,758
1711,784,2,568,870,-1
1726,2191,0,585,806,917
1735,1758,0,341,479,520
1741,2448,0,391,576,727
1754,353,2,594,794,-1
1757,2830,0,409,613,690
1783,1943,2,583,944,-1
1812,2492,2,585,902,-1
1818,2423,2,572,847,-1
1815,1686,0,417,610,798
1822,158,0,480,678,841
1832,2953,0,411,600,735
1833,2645,0,517,862,980
1838,262,0,332,451,674
1872,1609,1,584,864,-1
1875,714,1,472,701,-1
1888,2061,0,420,509,618
1900,452,2,583,919,-1
1909,286,0,584,884,1002
1909,1148,2,574,959,-1
1914,2193,1,497,731,-1
1914,1295,2,471,848,-1
1919,2795,1,421,625,-1
1951,823,1,558,734,-1
1962,1213,2,604,937,-1
1959,2185,0,402,538,730
1976,753,2,553,789,-1
1986,1413,2,770,1277,-1
77,1264,0,474,827,843
77,412,0,402,711,675
78,1663,2,741,1219,-1
150,2712,0,617,987,1011
177,1041,0,483,813,801
198,791,0,491,808,757
207,1974,0,435,715,787
242,1733,0,488,867,832
269,1411,0,436,635,691
279,1003,0,480,740,760
315,914,2,488,745,-1
325,1101,0,639,1061,1010
355,1475,0,417,649,619
444,1331,0,546,898,841
475,1057,0,515,767,780
566,1846,0,489,789,786
570,857,2,609,1023,-1
590,800,2,625,1023,-1
595,583,0,463,727,744
608,2537,1,550,866,-1
612,2587,0,507,831,893
655,1219,0,445,742,742
705,1275,0,480,870,834
710,885,1,539,883,-1
723,1161,2,576,1013,-1
738,1951,0,469,786,755
762,581,0,536,917,944
774,1482,0,468,712,765
784,645,0,340,586,622
827,559,0,350,640,701
830,798,1,555,879,-1
849,1586,2,525,870,-1
853,1171,0,445,783,764
879,2011,2,618,1018,-1
937,626,2,696,1199,-1
952,398,0,393,633,660
1016,2314,1,534,873,-1
1051,786,1,563,916,-1
1056,1025,0,411,571,565
1075,2603,0,490,744,763
1096,2499,1,466,770,-1
1101,132,2,565,955,-1
77,1264,0,474,827,843
77,412,0,402,711,675
1129,2004,0,477,785,768
1127,1931,0,426,709,738
1139,2267,1,536,850,-1
1175,391,0,398,587,666
1216,1710,0,475,728,732
1250,2135,1,644,984,-1
1277,1186,2,605,991,-1
1292,1072,0,389,610,609
1310,77,0,504,837,801
1345,2693,2,565,931,-1
1353,882,2,460,950,-1
1384,969,2,547,890,-1
1405,549,0,380,553,548
1473,1616,0,511,742,764
1502,2005,1,460,745,-1
1552,1795,0,365,628,713
1581,2045,0,411,606,614
1598,1887,0,412,652,676
1687,2433,0,412,612,671
1697,388,0,492,478,515
1698,1163,0,512,769,767
1746,1988,1,520,759,-1
1808,1489,0,362,487,502
1838,592,2,689,1213,-1
1858,2006,0,407,563,557
1927,123,0,407,625,680
1977,2130,0,519,810,836
1990,2686,1,533,847,-1
2061,969,0,465,752,816
2073,2424,0,411,566,648
2100,270,0,404,620,701
2130,603,0,568,579,498
2175,2720,2,601,968,-1
2199,2329,0,455,724,694
2234,2295,0,409,658,603
2244,2692,0,637,1005,931
2264,1595,2,488,736,-1
2297,499,0,365,601,636
2320,1765,0,525,801,781
2327,2491,0,413,621,648
2362,1884,0,397,598,677
2363,1172,0,304,496,506
2403,926,0,354,616,715
2412,1745,2,507,881,-1
2424,2209,2,1027,1608,-1
2501,2166,0,334,528,595
2549,2357,0,427,634,681
2556,2074,0,421,743,782
2582,1981,0,436,656,753
2640,2194,0,345,513,519
2652,2071,2,705,1029,-1
2707,312,2,607,1026,-1
2773,2487,2,991,1470,-1
2811,607,2,576,924,-1
2824,1900,0,457,693,701
2823,2266,0,378,568,526
2860,2281,0,387,533,524
2868,892,1,495,818,-1
2882,253,0,492,799,787
2914,1557,0,468,702,714
2945,2117,0,323,455,549
2987,1785,0,391,604,634
3005,2501,2,592,1049,-1
3073,751,0,396,567,584
3086,685,0,500,747,679
3139,92,0,480,674,726
3156,1804,0,549,766,716
3222,2265,0,461,747,741
3285,2652,0,489,805,756
3355,2710,0,453,691,773
3430,2597,2,787,1282,-1
3445,1576,2,611,947,-1
3473,549,0,465,752,843
3477,1656,0,424,688,709
3497,1537,0,350,519,587
3543,2130,0,446,704,745
3565,373,0,402,666,748
3569,1398,1,481,802,-1
3580,235,0,404,656,720
3619,2714,0,351,559,605
3624,77,0,378,664,716
3672,1786,0,682,1064,1080
3702,1460,0,433,683,738
3745,2677,0,447,790,801
3779,2381,0,446,658,721
3783,1028,0,425,644,716
3792,585,1,509,819,-1
3868,2516,0,482,826,696
3886,1691,0,463,787,755
3922,2616,0,449,694,788
3939,2499,0,428,674,767
3978,2349,0,542,908,927
3996,166,0,424,623,772
4008,938,0,531,888,797
4016,1866,0,575,908,961
77,1897,2,1099,1513,-1
104,1033,1,526,748,-1
147,898,2,605,877,-1
305,850,0,509,754,835
383,1929,2,711,1095,-1
408,1442,1,623,807,-1
442,1262,2,657,869,-1
489,734,1,605,767,-1
596,2861,0,547,770,825
673,1033,0,474,651,801
741,2013,0,511,621,792
810,610,0,402,367,479
837,468,1,517,706,-1
840,235,2,563,802,-1
932,2797,0,573,768,808
961,2672,1,538,732,-1
962,311,1,580,746,-1
1005,2396,2,618,931,-1
1014,305,0,457,594,630
1152,687,2,555,909,-1
1217,1420,0,463,715,875
1295,775,0,439,627,771
1298,1403,1,447,602,-1
1364,477,0,470,698,785
1451,471,1,462,724,-1
1450,2591,1,476,685,-1
1485,1879,0,400,509,596
1579,266,0,492,639,796
1582,1508,0,431,499,676
1735,125,2,611,922,-1
1903,2570,0,516,690,831
2128,2875,1,636,810,-1
2204,430,1,503,760,-1
2236,310,1,471,723,-1
2261,2511,0,410,519,596
2263,2215,0,438,668,531
2279,274,1,509,742,-1
2283,1772,0,447,718,791
2366,2783,1,476,694,-1
2395,2085,0,444,601,625
2418,2131,0,581,785,895
2579,2423,0,466,717,895
2608,2853,0,464,690,779
2648,1893,0,416,538,649
2660,1738,0,413,535,657
2738,1554,0,352,457,517
2832,999,0,386,590,701
2878,2773,0,589,916,1014
2911,2192,0,425,410,473
2929,157,2,694,1113,-1
2954,1088,1,521,877,-1
3110,2624,0,461,643,775
3203,1048,1,611,915,-1
3258,2649,2,670,971,-1
3265,2858,1,508,721,-1
3310,1389,2,708,1152,-1
3367,1455,1,595,845,-1
3424,1678,0,454,652,754
3439,2000,0,333,458,578
3450,2843,0,451,615,758
3512,2850,0,410,486,635
3583,2768,2,637,945,-1
3613,362,0,346,521,614
3637,145,0,560,661,778
3726,1618,2,608,913,-1
3775,375,1,533,717,-1
3819,1852,0,499,665,800
3824,2616,0,517,733,889
3876,1458,0,478,760,921
3941,2624,0,498,744,836
3966,1374,1,518,819,-1
3983,1844,0,369,514,619
3999,1133,0,427,696,854
77,219,1,647,800,-1
77,659,2,564,822,-1
90,621,1,415,578,-1
189,735,2,692,1104,-1
206,1075,0,548,687,963
282,517,0,476,718,828
302,185,2,615,963,-1
348,1295,1,677,715,-1
351,2101,2,579,846,-1
354,2596,0,509,713,944
379,1532,3,962,1500,-1
416,1168,1,605,781,-1
469,1865,0,538,815,1073
477,2097,0,422,517,784
543,984,0,487,685,761
538,2166,0,348,472,673
678,231,0,396,576,700
693,1023,2,601,845,-1
713,1698,2,691,1072,-1
793,2783,1,556,774,-1
807,878,1,439,635,-1
818,1999,2,654,1023,-1
850,252,2,642,916,-1
864,1787,0,446,554,660
875,504,0,444,633,796
882,1316,2,542,811,-1
918,1156,2,665,1049,-1
919,2243,2,622,891,-1
917,1762,0,381,502,630
933,2514,2,597,865,-1
946,2595,2,620,942,-1
953,2753,0,450,614,880
988,351,2,609,969,-1
1004,84,2,966,1442,-1
1040,287,0,546,868,931
1071,2541,2,586,888,-1
1199,1106,2,576,910,-1
1253,2480,0,424,646,910
1269,780,2,650,1058,-1
1276,134,1,410,712,-1
1284,520,2,597,964,-1
1287,2390,1,458,680,-1
1288,77,2,449,710,-1
1286,2493,0,345,646,910
1319,1941,2,615,980,-1
1338,2424,2,608,906,-1
1346,2079,2,523,795,-1
1358,1810,2,562,885,-1
1358,257,0,365,527,613
1365,825,2,492,817,-1
1373,191,0,259,460,512
1394,903,0,611,957,1067
1448,133,2,494,751,-1
1451,1705,2,588,930,-1
1458,2230,0,458,619,830
1466,1831,1,453,711,-1
1471,343,2,597,988,-1
1490,2828,1,466,726,-1
1505,2659,1,476,729,-1
1578,215,2,561,901,-1
1595,77,0,533,745,839
1599,1041,0,569,854,1342
1602,1381,0,484,670,777
1604,2426,2,588,899,-1
1630,256,1,424,662,-1
1704,105,2,673,1102,-1
1735,480,0,323,518,664
1793,550,2,768,1210,-1
1816,2838,0,464,607,832
1876,1969,0,437,720,783
1876,1617,0,476,719,916
1889,1158,0,343,504,609
1928,2230,2,485,695,-1
2009,2415,1,469,792,-1
2017,1025,0,397,541,644
2035,2513,0,488,662,803
2164,339,2,612,871,-1
2178,1595,1,497,796,-1
2186,1123,0,396,543,713
2196,547,1,535,901,-1
2297,1147,0,440,632,695
2380,81,0,413,667,489
2383,779,0,396,520,684
2406,2839,0,567,842,998
2410,1449,2,578,896,-1
2446,1731,0,426,605,676
2452,2409,0,472,659,834
2492,830,0,396,528,673
2516,534,0,418,619,802
2520,2293,0,444,692,900
2560,2152,0,432,694,785
2566,129,2,566,951,-1
2628,109,0,360,584,717
2636,2591,0,502,700,845
2710,1286,0,384,613,752
2757,1551,3,566,803,-1
2755,2314,0,435,577,746
2781,2817,2,637,981,-1
2790,1229,0,427,639,689
2792,108,2,638,1096,-1
2928,1537,0,428,767,870
2938,784,2,642,1039,-1
2937,957,0,508,665,906
2963,199,0,406,626,804
2969,2365,1,446,663,-1
2979,1488,0,343,552,734
2990,1574,0,360,588,768
3019,2187,1,514,763,-1
3022,2815,1,546,786,-1
3021,2730,0,456,747,935
3067,829,1,434,656,-1
3076,2076,0,412,601,753
3092,432,2,497,783,-1
3096,2489,0,429,581,703
3107,368,0,547,799,918
3125,2079,2,607,1017,-1
3146,1675,2,651,1021,-1
3199,2034,0,423,688,746
3213,628,1,469,796,-1
3226,238,0,440,643,711
3234,1849,0,435,605,765
3305,2355,0,474,646,738
3309,2831,0,453,634,800
3331,156,0,899,1576,2050
3342,2270,2,526,838,-1
3407,1227,0,483,747,1013
3412,1609,0,471,775,870
3424,1048,2,645,976,-1
3432,1936,2,625,956,-1
3439,2216,0,391,547,720
3448,2819,2,518,830,-1
3501,2377,0,386,546,667
3508,1822,2,574,963,-1
3549,77,0,409,648,771
3601,91,0,409,648,770
3609,1055,1,470,741,-1
3637,226,2,619,846,-1
3641,1865,2,806,1307,-1
3638,2127,2,508,785,-1
3682,579,2,733,1141,-1
3711,77,0,468,600,662
3769,2006,0,497,732,836
3792,1122,0,493,737,877
3797,2820,0,429,670,840
3829,1989,1,422,629,-1
3850,1061,2,620,987,-1
3926,2390,0,454,734,966
3962,163,0,431,674,745
3970,1738,0,411,700,797
3975,1109,0,330,535,688
3985,1302,0,501,710,864

