xID,yID,Div,Size0,Size4,Size12
77,1424,0,641,1050,1039
77,2539,0,494,641,623
106,1488,0,723,1152,1171
148,2447,0,585,871,883
148,1610,0,524,776,759
202,2858,0,579,805,836
213,734,0,604,888,974
232,2928,0,600,935,1002
237,2087,0,439,788,697
244,2145,0,851,1344,1342
327,2179,0,458,765,776
346,549,0,469,740,730
353,2796,0,698,917,965
377,1120,0,638,1048,1058
379,1703,0,468,740,710
386,505,0,493,768,913
400,1225,0,727,1363,1384
397,1888,0,509,802,836
432,1451,0,574,744,758
442,454,0,701,1093,1195
463,77,0,712,1107,1158
467,2408,0,508,823,794
510,374,0,745,1177,1221
524,2642,0,545,826,863
549,1433,0,546,924,991
555,2307,0,569,913,1090
573,1589,0,716,1181,1211
575,153,0,741,1098,1195
586,2410,0,542,889,882
607,2979,0,477,736,755
621,1127,0,561,864,912
632,2569,0,426,720,742
650,2198,0,665,1083,1174
675,2366,0,507,566,614
694,1447,0,834,1257,1336
716,596,0,787,1298,1302
726,889,0,706,1109,1296
730,1401,0,607,979,1040
749,2445,0,603,750,815
747,318,0,634,993,1022
760,2744,0,474,815,845
766,1262,0,429,736,739
787,1969,0,558,1066,1152
844,1019,0,491,811,881
845,860,0,401,620,675
894,704,0,556,601,628
904,2815,0,619,782,851
904,3064,0,486,849,960
921,802,0,722,1291,1382
967,1833,0,555,1018,1040
985,855,0,442,877,855
994,1591,0,471,767,827
1021,2787,0,607,874,897
1024,1082,0,573,1048,1080
1036,3029,0,432,799,815
1048,1152,0,667,1139,1178
1077,654,0,622,1045,1171
1098,2381,0,490,821,840
1106,1093,0,670,1030,1100
1107,2201,0,609,998,1066
1127,669,0,604,901,993
1136,2648,0,625,1039,1113
1242,316,0,622,1036,1130
1246,1880,0,683,1143,1218
1255,82,0,581,732,717
1259,1130,0,643,1053,1153
1258,2405,0,473,639,589
1261,2003,0,410,636,688
1265,1781,0,614,1067,1095
1290,304,0,466,713,776
1304,1266,0,591,1012,1104
1341,2624,0,438,642,662
1349,2467,0,688,1171,1272
1353,223,0,640,998,1018
1359,2872,0,506,557,569
1428,1058,0,507,737,766
1437,144,0,487,885,901
1447,714,0,449,701,739
1448,2748,0,487,834,928
1469,1152,0,995,1454,1677
1467,3053,0,464,702,720
1481,941,0,497,777,868
1491,113,0,754,1242,1258
1490,819,0,701,1138,1219
1494,2520,0,416,757,761
1519,773,0,496,881,919
1521,1762,0,574,953,1025
1587,1901,0,654,866,879
1595,2798,0,407,656,680
1599,546,0,438,822,910
1618,2392,0,553,878,886
1641,1114,0,617,1041,1122
1684,1677,0,395,528,621
1697,2341,0,484,810,737
1703,2080,0,476,659,720
1706,2640,0,553,625,625
1716,2806,0,500,859,925
1741,1955,0,631,924,952
1760,2280,0,535,861,923
1775,1749,0,736,1133,1113
1798,1970,0,664,1081,1137
1818,2744,0,534,883,956
1819,908,0,526,860,944
1852,1179,0,474,725,760
1883,466,0,637,996,1080
1908,2569,0,607,889,921
1917,2672,0,498,765,862
1937,1677,0,464,718,753
1966,2898,0,646,1013,1033
1968,628,0,478,612,612
2000,1143,0,643,1151,1226
2003,758,0,518,814,917
2006,1903,0,671,1148,1212
2019,1679,0,487,737,781
2021,2411,0,422,575,648
2034,1503,0,509,726,704
2041,1357,0,745,1130,1262
2038,544,0,395,658,679
2057,606,0,541,921,973
2058,2380,0,502,820,903
2079,2851,0,542,676,686
2085,2797,0,439,658,647
2115,1634,0,469,746,762
2133,415,0,819,1202,1346
2136,1229,0,664,986,1100
2136,547,0,493,653,711
2155,337,0,475,743,836
2159,2389,0,524,908,968
2182,1492,0,542,828,915
2189,1315,0,583,903,916
2218,93,0,625,975,977
2228,3008,0,721,1158,1158
2239,994,0,702,1224,1302
2244,2537,0,649,985,1089
2313,1127,0,605,966,1007
2316,1737,0,553,823,952
2341,1999,0,546,858,935
2346,1003,0,514,718,713
2354,408,0,529,763,819
2365,1478,0,552,891,916
2381,2238,0,721,1200,1266
2388,728,0,496,726,749
2406,2441,0,532,684,720
2421,1615,0,524,674,728
2447,2108,0,577,804,827
2459,77,0,881,1041,1222
2518,1584,0,624,1011,1032
2574,1872,0,606,911,987
2580,2080,0,541,767,796
2583,2434,0,401,567,583
2591,1245,0,529,831,886
2624,1115,0,512,757,777
2639,119,0,607,860,924
2643,834,0,538,835,894
2672,1604,0,639,1017,1117
2670,1995,0,463,696,743
2669,2936,0,404,605,599
2716,788,0,454,614,633
2718,2002,0,411,607,686
2760,2585,0,510,719,768
2766,1185,0,596,952,1032
2775,2635,0,484,733,752
2787,162,0,787,1061,1103
2786,1452,0,620,1081,1180
2789,2382,0,495,773,772
2799,2237,0,430,648,624
2815,1008,0,531,804,860
2815,2085,0,578,846,904
2838,2932,0,511,889,1003
2842,1136,0,490,762,780
2841,2695,0,523,807,885
2839,1533,0,341,479,541
2846,723,0,464,664,677
2847,963,0,457,671,713
2864,3030,0,486,641,631
2871,242,0,666,901,981
2880,1918,0,575,925,1025
2881,1337,0,615,907,1007
2954,3027,0,637,1055,1110
2954,1619,0,703,1041,1151
2967,2029,0,545,785,827
2971,2958,0,615,949,1044
2977,1083,0,475,680,727
2985,2247,0,590,944,1001
3017,1918,0,494,740,827
3031,2981,0,535,813,823
3030,1037,0,682,1154,1211
3032,2236,0,679,637,731
3035,2147,0,522,797,843
3046,875,0,583,926,957
3053,1319,0,421,660,740
3080,1598,0,799,1334,1460
3099,79,0,735,1077,1106
3105,834,0,527,757,794
3123,1448,0,620,945,1052
3132,946,0,572,944,992
3163,160,0,621,885,878
3182,823,0,641,905,967
3195,2944,0,659,1052,1076
3204,1789,0,476,655,646
3246,2123,0,612,1032,1099
3281,1852,0,590,852,861
3293,1896,0,613,914,944
3296,1157,0,576,860,887
3304,2742,0,450,642,657
3311,2695,0,894,1420,1445
3316,341,0,748,1220,1267
3332,2362,0,618,829,933
3342,1876,0,545,801,788
3354,2424,0,500,766,834
3358,553,0,748,1069,1075
3357,759,0,628,1048,1098
3401,435,0,641,877,910
3407,2046,0,336,600,686
3407,798,0,544,847,881
3428,2744,0,437,671,691
3460,216,0,460,391,341
3487,2421,0,567,848,926
3503,2956,0,719,968,1051
3511,1473,0,599,938,1006
3525,797,0,752,1009,1086
3556,2120,0,627,959,971
3574,876,0,514,608,598
3626,2864,0,680,984,1047
3636,1087,0,575,783,874
3661,98,0,657,799,764
3668,1454,0,710,1095,1193
77,1523,0,790,1254,1399
77,480,0,725,1186,1491
77,1685,0,864,1119,1371
146,2073,0,594,965,1135
150,385,2,578,858,-1
187,730,0,545,827,956
238,1706,0,553,813,1030
266,681,0,651,1095,1269
273,1979,0,482,704,872
331,677,0,690,1194,1419
334,866,0,398,600,846
345,584,0,502,822,1100
356,2003,0,383,620,698
361,1831,0,520,770,1005
366,2088,0,448,800,948
386,885,0,515,771,1014
411,1551,0,395,763,889
415,1991,0,649,1057,1208
420,2052,0,617,1007,1188
446,451,2,609,782,-1
475,1023,0,659,1231,1535
535,521,0,606,1001,1199
541,573,0,455,709,912
608,739,0,420,721,892
613,784,0,530,767,1070
667,367,0,681,962,1247
694,1615,0,705,968,1096
702,456,0,449,659,887
724,1455,0,648,1015,1185
743,1290,0,443,745,877
745,1711,0,643,927,1139
795,1891,0,538,794,961
821,600,0,777,1293,1504
812,1150,0,473,770,925
1031,1570,0,686,1041,1233
1047,404,0,468,791,961
1138,888,0,514,675,882
1163,1136,0,536,725,839
1197,1544,0,632,1016,1226
1239,1496,0,465,695,870
1251,1651,0,514,806,979
1311,169,0,490,719,973
1356,1440,0,426,762,840
1396,946,0,665,748,965
1437,1427,0,642,1096,1241
1450,1113,0,673,1022,1224
1462,1211,0,633,951,1093
1478,1581,0,731,1142,1337
1491,1645,0,620,1076,1194
1496,1008,0,715,1204,1351
1509,622,0,708,1098,1290
1626,1228,0,598,892,1056
1626,1697,0,491,742,899
1630,2038,0,495,673,867
1632,1789,0,397,500,626
1641,915,0,559,924,1072
1654,1564,0,578,737,856
1720,1608,0,637,860,983
1729,858,0,446,626,715
1843,1893,0,680,1111,1163
1863,1344,0,557,761,886
1911,1596,0,525,696,806
1968,754,0,470,654,805
1993,1027,0,657,1058,1221
2012,77,0,642,1003,1234
2116,942,0,529,823,974
2184,180,0,800,1310,1478
2203,929,0,442,628,754
2227,821,0,684,1108,1268
2240,1076,0,483,590,717
2268,110,1,396,626,-1
2294,629,0,617,892,1065
2302,240,0,367,428,593
2365,1401,0,490,626,731
2399,1843,0,570,797,898
2403,1152,0,594,909,1025
2474,1234,0,396,589,661
2475,873,0,472,582,712
2491,129,0,603,945,1123
2499,463,0,707,1148,1290
2502,1288,0,658,1127,1211
2593,86,0,975,1534,1671
2622,918,0,556,772,879
2636,429,0,628,944,1043
2671,1710,0,495,737,822
2690,607,0,495,669,736
2720,1318,0,633,821,998
2880,873,0,812,726,894
2982,1144,0,619,788,924
3018,729,0,541,728,873
3045,2078,0,604,835,874
3056,314,0,783,1187,1252
3076,478,0,625,881,996
3112,1482,0,630,961,1099
3194,1213,0,666,876,931
3230,1679,0,523,575,641
3271,1626,0,706,964,1074
3268,1552,0,526,420,420
3317,1386,0,457,642,724
3362,558,0,661,1040,1133
3371,1746,0,761,1057,1127
3393,311,0,590,840,977
3395,655,0,498,636,791
3415,376,0,684,988,1119
3483,1165,0,646,969,1050
3500,774,0,477,744,891
3512,1504,0,716,901,991
3527,223,0,726,960,1097
3562,100,0,507,741,914
3585,1806,0,520,709,824
3621,1263,0,674,962,1113
84,1449,0,903,1463,1461
156,904,0,600,1001,903
166,1779,0,765,1374,1443
178,1079,0,520,710,708
224,1234,0,730,1158,1223
231,1093,0,774,1121,1233
265,2741,0,750,1253,1281
319,2897,0,613,975,966
412,2199,0,479,706,730
450,835,0,537,829,855
456,1432,0,580,1018,990
478,737,0,769,1166,1271
503,1160,0,495,898,911
507,1555,0,588,984,1074
528,1732,0,774,1249,1295
590,713,0,608,1034,1019
602,477,1,1236,1713,-1
617,1361,0,526,847,871
643,98,0,646,1018,981
637,153,0,689,1198,1195
647,1507,0,512,800,876
657,77,0,622,1018,949
667,502,0,556,646,1061
762,3054,2,1183,1887,-1
789,2885,0,543,882,931
797,2058,0,514,801,854
811,1413,0,683,1061,1091
856,751,0,594,971,959
883,833,0,624,901,907
902,1128,0,458,699,804
988,2933,0,705,1162,1272
996,1044,0,589,1090,1168
1038,1791,0,490,762,749
1042,2965,0,409,700,736
1042,1444,0,473,717,730
1050,298,0,560,916,907
1112,1357,0,597,986,1008
1139,2159,0,546,852,933
1146,1307,0,576,860,865
1163,2865,0,777,1256,1358
1162,2767,0,440,745,730
1186,1093,0,449,721,721
1198,1702,0,639,947,987
1219,464,0,629,1035,1069
1232,2817,0,724,1059,1129
1328,3078,0,739,1153,1267
1361,3007,0,695,1318,1393
1361,2792,0,650,955,1059
1375,1530,0,561,897,1011
1392,1581,0,510,707,701
1395,532,0,525,857,921
1395,2445,0,638,996,1088
1405,1446,0,469,783,840
1418,1253,0,546,915,1013
1420,2674,0,668,1073,1178
1467,2661,0,518,792,794
1470,1993,0,519,733,791
1525,1134,0,451,744,788
1530,192,0,931,1602,1650
1565,832,0,507,929,939
1577,1830,0,393,617,629
1598,1144,0,631,1087,1226
1599,2216,0,493,840,922
1605,318,0,551,908,964
1609,175,0,552,934,915
1620,1083,0,911,706,559
1614,637,0,689,1112,1195
1624,2846,0,654,956,1086
1678,2738,0,723,1176,1311
1694,316,0,458,783,774
1697,2295,0,559,862,925
1708,1832,0,553,847,994
1710,918,0,497,747,730
1747,264,0,590,983,991
1752,3014,0,649,1074,1135
1769,117,0,912,1375,1357
1760,2061,0,488,713,729
1805,984,0,540,817,915
1841,588,0,666,1073,1102
1865,1399,0,640,1055,1089
1869,525,0,588,898,883
1911,2653,1,1127,1685,-1
1935,123,0,589,1032,1094
1942,1905,0,444,748,795
1958,1034,0,683,1089,1147
1967,1604,0,632,995,1143
1973,1431,0,462,703,821
1973,363,0,729,1278,1286
2016,1393,0,532,869,936
2018,593,0,690,1088,1212
2016,1955,0,410,650,741
2022,1705,0,592,849,904
2029,2333,0,624,805,876
2061,944,0,565,903,996
2063,311,0,651,1094,1125
2069,855,0,542,894,957
2123,151,0,512,810,828
2137,77,0,623,1049,1116
2153,1380,0,525,789,906
2167,1800,0,561,816,927
2170,277,0,668,947,982
2195,109,0,501,836,814
2201,1196,0,599,1005,1016
2205,781,0,531,787,795
2203,1840,0,661,966,1115
2216,1355,0,507,804,851
2225,2575,0,617,905,949
2245,801,0,569,834,886
2253,105,0,623,1027,971
2272,2867,0,544,894,1011
2295,1184,0,579,978,1063
2293,1353,0,396,580,612
2300,2608,0,646,959,980
2311,173,0,736,1108,1146
2328,2055,0,592,930,963
2350,3045,0,525,814,899
2395,1435,0,504,671,824
2400,1291,0,583,857,879
2412,1995,0,471,662,722
2427,2185,0,581,853,899
2433,1487,0,617,868,938
2451,2762,0,738,1149,1246
2472,1371,0,503,783,788
2479,663,0,697,1165,1276
2515,1845,0,608,933,1053
2517,2438,0,563,797,934
2540,2368,0,453,686,800
2542,238,0,509,826,890
2560,2687,0,587,885,950
2565,77,0,626,1005,1123
2573,873,0,458,740,755
2572,934,0,506,817,842
2612,275,0,618,965,1019
2608,2481,0,504,669,758
2621,1395,0,843,1276,1409
2624,1283,0,529,818,855
2649,2650,0,921,1421,1457
2661,2723,0,653,1072,1172
2656,813,0,467,748,789
2687,877,0,700,1121,1280
2717,2247,0,574,929,1026
2731,1940,0,644,1119,1193
2728,1657,0,491,814,884
2754,2284,0,775,1265,1459
2779,1809,0,556,879,912
2781,3069,0,645,961,1091
2890,2529,0,494,722,825
2909,2886,2,1030,1733,-1
2918,1804,0,554,825,927
2936,1934,1,1226,1855,-1
2942,701,0,530,818,963
2955,955,0,496,711,831
2966,1316,0,704,1129,1221
2985,2116,0,587,785,884
2990,3064,0,399,698,764
3006,108,0,621,1007,1077
3016,644,0,497,829,931
3048,3071,0,737,1122,1202
3060,2112,0,489,843,957
3063,909,0,712,1056,1077
3108,573,0,864,899,1123
3117,3079,0,489,739,847
3127,239,0,437,729,915
3132,2159,0,507,768,840
3139,1987,0,618,938,993
3139,1937,0,553,873,1013
3172,363,0,673,971,1053
3184,535,0,745,1070,1313
3185,2222,0,414,710,739
3209,2382,0,696,915,1009
3258,1299,1,1164,1697,-1
3257,2824,0,634,956,1025
3299,387,0,635,899,966
3301,1642,0,541,833,928
3331,601,0,524,737,802
3336,157,0,552,789,891
3336,2879,0,645,944,1038
3370,3080,0,608,859,962
3400,1965,0,600,895,1025
3406,3007,0,537,756,842
3466,2775,0,530,677,756
3482,1874,0,655,1053,1230
3516,1718,0,551,818,906
3551,77,0,489,697,746
3585,2618,0,642,878,945
3592,2973,0,829,1271,1431
3595,653,0,481,669,717
3612,2479,0,631,903,1186
3640,860,0,588,897,986
3643,2801,0,686,1082,1207
3679,1736,0,595,830,963
3684,2190,0,603,915,1020
3686,768,0,554,886,983
3695,210,0,690,1007,1065
3693,3005,0,573,816,881
3694,1870,0,553,805,851
3718,2343,0,845,1362,1423
3739,2670,0,644,989,1087
3741,2041,0,560,814,922
3746,886,0,557,697,791
3752,2835,0,657,1049,1108
3752,2450,0,579,844,960
3753,1793,0,639,908,975
3762,3062,0,785,1251,1387
3794,1893,0,629,967,1071
3815,296,0,598,874,924
3818,2038,0,652,911,1017
3828,2301,0,706,1063,1185
3830,2366,0,723,1042,1115
3837,2193,0,833,1266,1358
3841,2774,0,559,818,913
3855,648,0,440,669,749
3861,693,0,633,1043,1121
3875,2890,0,781,1047,1244
3900,77,0,743,1042,1104
3910,1740,0,721,1050,1220
3911,657,0,616,953,1011
3910,77,0,743,1042,1104
3914,2938,0,551,797,874
3932,1130,0,795,1026,1169
3944,1935,0,885,1300,1495
3948,2892,0,572,729,822
3975,1763,0,688,1071,1117
3987,393,0,640,921,990
3989,2617,0,680,1037,1236
3986,788,0,499,714,777
3996,2191,0,653,1050,1186
4006,629,0,591,782,885
4016,1430,0,718,924,1078
4037,1365,0,681,1010,1172
4043,805,0,712,1040,1137
4055,2497,0,631,950,1027
4096,242,0,818,1244,1337
4103,349,0,808,1186,1267
4103,558,0,550,824,921
4112,1493,0,677,1277,1403
4112,2991,0,553,871,929
4139,1938,0,554,833,848
4143,1799,0,592,947,1051
4203,1717,0,761,1190,1310
4235,2493,0,683,988,1143
4249,2832,0,661,975,1197
4252,250,0,640,911,995
4259,1076,0,594,808,951
4258,1650,0,538,803,853
4262,2136,0,683,1071,1125
4264,2937,0,779,1026,1198
4267,2748,1,1256,1843,-1
4269,445,0,684,922,1005
77,2400,0,750,1240,1218
77,2679,0,678,1063,1163
77,1248,0,763,1221,1290
77,1045,0,559,770,780
77,2137,0,533,846,1001
140,949,0,989,1550,1692
190,2956,0,620,989,1173
234,2923,0,572,931,1103
274,1371,0,566,945,1023
298,1510,0,637,1045,1085
302,2535,0,815,1346,1528
384,219,0,634,1101,1202
394,2921,0,725,1154,1278
407,1642,0,1049,1639,1708
404,1201,0,715,1074,1173
416,962,0,591,862,1003
457,211,0,389,546,623
461,2577,0,554,799,874
491,151,0,772,1271,1433
486,848,0,492,756,852
496,77,0,552,951,1052
499,1820,0,626,978,1173
499,2320,0,688,1131,1245
503,1402,0,426,610,655
514,1318,0,532,925,1019
529,2111,0,538,774,917
556,2073,0,468,812,888
568,258,0,564,901,1015
592,2018,0,666,1057,1219
606,1087,0,799,1190,1357
608,1199,0,652,984,1088
612,2737,0,697,1103,1258
629,2502,0,628,964,1109
674,1899,0,523,835,933
684,2887,0,874,1323,1535
692,2970,0,530,874,994
699,657,0,606,984,1088
712,2544,0,676,919,1094
729,730,0,477,728,815
734,815,0,827,1375,1493
745,1686,0,537,826,969
744,2890,0,641,1005,1124
744,636,0,535,882,983
779,1216,0,690,1072,1251
796,2069,0,403,644,826
818,1987,2,1092,1666,-1
814,2958,0,664,1114,1280
907,2966,0,748,1216,1423
912,2423,0,603,991,1185
911,1721,0,567,832,986
933,801,0,568,810,986
937,1147,0,588,876,977
958,1442,0,765,1229,1337
955,2706,0,490,679,750
967,265,0,533,787,886
984,665,0,543,826,975
1017,2381,0,571,816,954
1020,1332,0,723,1087,1214
1075,424,0,566,973,1013
1107,2015,0,620,991,1119
1150,265,0,895,1327,1498
1165,387,0,827,1248,1434
1201,2309,0,684,1070,1133
1209,354,0,656,998,1182
1241,765,0,566,929,995
1242,2604,0,501,816,934
1246,2518,0,667,1034,1204
1255,1111,0,647,1082,1206
1275,119,0,570,806,964
1284,1160,0,397,560,619
1302,2132,0,718,1123,1290
1310,1345,0,495,757,847
1328,973,0,462,694,763
1362,281,0,583,839,949
1384,2721,0,552,870,1016
1411,1849,0,663,910,1051
1421,1689,0,515,791,892
1467,1830,0,495,471,558
1485,1916,0,454,672,771
1491,187,0,672,949,1107
1498,2242,0,540,760,855
1507,2858,0,611,961,1109
1560,105,0,493,790,903
1602,1872,0,540,741,842
1608,2848,0,494,686,753
1621,920,0,603,920,1046
1670,1967,0,489,727,830
1718,1645,0,520,684,781
1728,2072,0,531,642,697
1734,2548,0,418,686,719
1760,2933,0,480,762,873
1810,2002,0,722,984,1130
1820,1398,0,557,662,750
1821,2271,0,532,631,727
1832,1796,0,564,787,927
1843,855,0,668,1088,1234
1842,1034,0,588,872,1006
1849,2404,0,786,1054,1194
1872,341,0,505,807,943
1880,2948,0,609,804,961
1891,2794,0,603,936,1039
1912,655,0,588,867,983
1937,2540,0,508,650,752
1966,107,0,608,800,947
1984,1444,0,1430,2285,2518
1976,2697,0,677,984,1082
2013,1566,0,625,835,948
2038,1082,0,665,1044,1143

